0 163
1 158
2 174
3 147
4 84
5 94
6 100
7 119
8 126
9 127
10 130
11 130
12 130
13 128
14 128
15 130
16 127
17 125
18 124
19 107
20 126
21 161
22 160
23 158
24 155
25 207
26 170
27 103
28 116
29 119
30 123
31 89
32 161
33 165
34 173
35 140
36 82
37 92
38 98
39 116
40 124
41 126
42 127
43 128
44 127
45 122
46 122
47 128
48 126
49 123
50 123
51 112
52 109
53 160
54 167
55 161
56 155
57 163
58 221
59 124
60 112
61 125
62 74
63 14
64 167
65 170
66 168
67 139
68 80
69 91
70 97
71 115
72 121
73 123
74 125
75 126
76 125
77 126
78 129
79 124
80 120
81 123
82 123
83 113
84 108
85 149
86 161
87 160
88 158
89 145
90 194
91 197
92 108
93 69
94 17
95 18
96 171
97 140
98 167
99 141
100 74
101 88
102 98
103 115
104 120
105 124
106 127
107 127
108 140
109 163
110 184
111 187
112 160
113 119
114 115
115 109
116 105
117 143
118 153
119 154
120 148
121 141
122 146
123 231
124 104
125 10
126 20
127 13
128 153
129 97
130 172
131 139
132 68
133 85
134 94
135 108
136 116
137 120
138 111
139 121
140 131
141 148
142 183
143 202
144 213
145 191
146 121
147 93
148 101
149 151
150 140
151 140
152 146
153 143
154 149
155 140
156 30
157 16
158 17
159 35
160 98
161 92
162 173
163 138
164 70
165 86
166 93
167 108
168 116
169 106
170 107
171 117
172 133
173 142
174 174
175 201
176 218
177 231
178 219
179 93
180 88
181 156
182 127
183 83
184 148
185 146
186 143
187 34
188 15
189 16
190 41
191 128
192 70
193 95
194 170
195 139
196 69
197 85
198 93
199 110
200 113
201 101
202 111
203 130
204 135
205 136
206 182
207 210
208 218
209 222
210 232
211 204
212 90
213 152
214 133
215 24
216 113
217 156
218 71
219 15
220 20
221 22
222 112
223 166
224 73
225 93
226 169
227 139
228 65
229 84
230 91
231 120
232 116
233 100
234 119
235 126
236 131
237 172
238 195
239 202
240 210
241 217
242 221
243 236
244 165
245 144
246 126
247 48
248 179
249 224
250 43
251 18
252 15
253 83
254 160
255 164
256 83
257 100
258 172
259 144
260 68
261 87
262 90
263 135
264 112
265 98
266 115
267 126
268 154
269 178
270 187
271 189
272 197
273 207
274 205
275 215
276 215
277 171
278 164
279 202
280 231
281 232
282 53
283 9
284 42
285 150
286 165
287 159
288 82
289 101
290 177
291 149
292 70
293 85
294 84
295 147
296 132
297 95
298 119
299 140
300 148
301 165
302 178
303 181
304 182
305 191
306 196
307 189
308 192
309 207
310 219
311 224
312 211
313 188
314 24
315 16
316 115
317 167
318 163
319 160
320 80
321 104
322 177
323 149
324 70
325 84
326 80
327 155
328 161
329 109
330 127
331 134
332 141
333 149
334 146
335 153
336 159
337 153
338 163
339 189
340 205
341 213
342 223
343 213
344 158
345 108
346 6
347 62
348 159
349 163
350 161
351 160
352 86
353 110
354 178
355 151
356 68
357 85
358 78
359 152
360 172
361 115
362 123
363 128
364 133
365 109
366 71
367 91
368 60
369 60
370 172
371 210
372 209
373 213
374 173
375 129
376 126
377 36
378 15
379 117
380 169
381 163
382 159
383 157
384 91
385 105
386 177
387 152
388 67
389 82
390 83
391 116
392 188
393 122
394 120
395 122
396 86
397 43
398 34
399 47
400 71
401 172
402 197
403 194
404 195
405 108
406 131
407 144
408 39
409 12
410 45
411 155
412 172
413 166
414 161
415 156
416 91
417 97
418 176
419 155
420 66
421 83
422 90
423 99
424 176
425 117
426 117
427 71
428 35
429 45
430 29
431 52
432 151
433 193
434 180
435 202
436 215
437 90
438 103
439 39
440 20
441 15
442 89
443 163
444 169
445 168
446 164
447 158
448 88
449 95
450 176
451 156
452 71
453 88
454 95
455 108
456 134
457 119
458 64
459 28
460 24
461 38
462 60
463 160
464 186
465 176
466 184
467 214
468 238
469 131
470 61
471 44
472 25
473 29
474 137
475 164
476 158
477 155
478 156
479 155
480 86
481 94
482 177
483 158
484 71
485 88
486 93
487 124
488 100
489 85
490 43
491 31
492 25
493 37
494 144
495 186
496 135
497 110
498 167
499 207
500 197
501 104
502 49
503 61
504 19
505 63
506 158
507 165
508 163
509 155
510 150
511 140
512 82
513 84
514 177
515 160
516 72
517 81
518 103
519 151
520 63
521 51
522 52
523 26
524 18
525 94
526 202
527 94
528 57
529 100
530 125
531 189
532 88
533 40
534 46
535 72
536 14
537 102
538 163
539 157
540 157
541 154
542 144
543 138
544 80
545 73
546 178
547 165
548 80
549 101
550 105
551 69
552 52
553 60
554 72
555 10
556 36
557 168
558 140
559 137
560 143
561 164
562 131
563 192
564 135
565 64
566 47
567 76
568 25
569 135
570 158
571 154
572 151
573 139
574 163
575 192
576 60
577 60
578 175
579 164
580 80
581 112
582 72
583 64
584 43
585 32
586 72
587 26
588 115
589 113
590 109
591 165
592 188
593 170
594 133
595 196
596 165
597 88
598 44
599 75
600 49
601 156
602 155
603 149
604 138
605 165
606 212
607 214
608 52
609 50
610 172
611 161
612 87
613 95
614 67
615 79
616 41
617 27
618 71
619 67
620 122
621 38
622 113
623 150
624 171
625 153
626 119
627 181
628 165
629 66
630 35
631 82
632 87
633 163
634 153
635 145
636 143
637 203
638 220
639 225
640 54
641 68
642 175
643 165
644 81
645 80
646 56
647 74
648 75
649 37
650 64
651 118
652 45
653 49
654 115
655 141
656 158
657 154
658 131
659 175
660 140
661 32
662 34
663 89
664 129
665 158
666 150
667 141
668 164
669 220
670 227
671 228
672 39
673 78
674 179
675 166
676 87
677 78
678 41
679 61
680 81
681 93
682 146
683 58
684 19
685 53
686 113
687 137
688 138
689 136
690 158
691 176
692 87
693 22
694 38
695 89
696 152
697 154
698 148
699 137
700 178
701 229
702 229
703 233
704 24
705 78
706 180
707 169
708 92
709 65
710 41
711 91
712 81
713 148
714 107
715 17
716 26
717 39
718 85
719 126
720 137
721 120
722 141
723 132
724 30
725 27
726 43
727 95
728 161
729 156
730 149
731 134
732 192
733 237
734 233
735 232
736 13
737 84
738 177
739 166
740 75
741 49
742 36
743 89
744 104
745 111
746 33
747 23
748 22
749 28
750 40
751 84
752 131
753 156
754 170
755 84
756 11
757 36
758 54
759 99
760 158
761 155
762 151
763 128
764 202
765 240
766 233
767 198
768 29
769 58
770 170
771 170
772 82
773 34
774 38
775 80
776 96
777 106
778 54
779 28
780 20
781 23
782 34
783 89
784 125
785 149
786 169
787 155
788 71
789 30
790 61
791 102
792 125
793 118
794 120
795 117
796 212
797 233
798 137
799 44
800 121
801 62
802 158
803 178
804 72
805 25
806 50
807 53
808 67
809 110
810 91
811 34
812 24
813 28
814 46
815 105
816 134
817 141
818 168
819 208
820 222
821 135
822 36
823 107
824 146
825 128
826 104
827 111
828 223
829 160
830 54
831 73
832 95
833 102
834 158
835 180
836 54
837 15
838 41
839 29
840 53
841 98
842 106
843 51
844 23
845 31
846 68
847 106
848 138
849 145
850 162
851 184
852 213
853 241
854 83
855 105
856 149
857 138
858 125
859 180
860 229
861 100
862 85
863 87
864 67
865 108
866 156
867 177
868 45
869 15
870 44
871 20
872 32
873 92
874 106
875 59
876 29
877 53
878 92
879 114
880 138
881 139
882 154
883 175
884 205
885 238
886 168
887 118
888 148
889 131
890 140
891 236
892 187
893 86
894 87
895 81
896 51
897 117
898 153
899 179
900 53
901 18
902 28
903 22
904 39
905 71
906 74
907 32
908 22
909 86
910 91
911 131
912 142
913 136
914 148
915 165
916 194
917 225
918 221
919 119
920 123
921 135
922 140
923 212
924 142
925 73
926 80
927 73
928 63
929 136
930 150
931 177
932 53
933 14
934 27
935 21
936 31
937 84
938 50
939 8
940 41
941 87
942 94
943 140
944 143
945 138
946 141
947 156
948 180
949 214
950 238
951 117
952 65
953 49
954 153
955 192
956 68
957 70
958 80
959 53
960 86
961 148
962 154
963 175
964 39
965 19
966 27
967 43
968 34
969 71
970 39
971 9
972 58
973 86
974 126
975 138
976 143
977 145
978 140
979 148
980 168
981 199
982 234
983 162
984 80
985 70
986 142
987 88
988 56
989 66
990 86
991 43
992 44
993 174
994 163
995 164
996 25
997 30
998 43
999 59
1000 56
1001 49
1002 43
1003 51
1004 104
1005 123
1006 128
1007 134
1008 140
1009 147
1010 148
1011 150
1012 163
1013 186
1014 220
1015 196
1016 81
1017 111
1018 108
1019 82
1020 64
1021 86
1022 68
1023 39
